0.7880106610238334
0.6493540547717512
0.6492545075043344
0.6504893946746495
0.46021364133018616
0.3611946599006205
0.7826907267717417
0.34828099433711557
0.7570090417831191
0.9075548253651903
0.1204168705768075
0.6447753519866649
0.31274761565783205
0.9026834120650847
0.6921094247243683
0.8883746070532197
0.06404417316069988
0.7078303227726871
0.4127097542924495
0.5532337024272374
0.7714656929778895
0.6245689057765227
0.6777494961269291
0.8274435382720133
0.5395037068562203
0.8285683872520394
0.4412087128975525
0.9749542128094607
0.7733230137580315
0.0003745526561084178
0.27580496839899926
0.7288283537601228
0.5007271525753642
0.7069994449953984
0.13967529056822603
0.4115259835756315
0.6285666130350295
0.376097126687286
0.7040680310231254
0.2489333893257374
0.5204422043516422
0.5583860809546861
0.7509862236312445
0.001496124147804978
0.8828561971430945
0.311333175882883
0.38067141099628665
0.8160731695365486
0.9006744014473652
0.2258768065294472
0.9847904600065703
0.7067067407401103
0.7182208999454809
0.24745702400841962
0.7200138877806725
0.7683738902553738
0.41124330877860593
0.33522849792781084
0.6139733745591008
0.30106393183330904
0.13852782074625902
0.36584723638655237
0.9060397203421868
0.13188125400566175
0.2631193692044326
0.5826175539521041
0.9748226358924854
0.8870413117466812
0.8793415989270167
0.5512797686871571
0.6167137641650999
0.38948654528592663
0.17525961860026706
0.015095509465912427
0.5401249954452306
0.12328340406260152
0.8536624905135131
0.4185865081214434
0.5655414016259381
0.997280039180988
0.6433902690871564
0.9493781730951103
0.9834781371666504
0.09260342497801066
0.978389882341213
0.2837522542854448
0.007822336885161651
0.46394631450677537
0.29475549281163715
0.3815758750968896
0.47497476926620086
0.03560652177759549
0.15328588214871064
0.34938796732090327
0.14885491014405416
0.6490273532550925
0.3350993968994084
0.8569080552182983
0.9008816654988939
0.1202483557139572
