7.880106610238334364e-01
6.493540547717512323e-01
6.492545075043344438e-01
6.504893946746495015e-01
4.602136413301861628e-01
3.611946599006204961e-01
7.826907267717416739e-01
3.482809943371155681e-01
7.570090417831191187e-01
9.075548253651902764e-01
1.204168705768074998e-01
6.447753519866649130e-01
3.127476156578320454e-01
9.026834120650847337e-01
6.921094247243683162e-01
8.883746070532196892e-01
6.404417316069987987e-02
7.078303227726870928e-01
4.127097542924494933e-01
5.532337024272373505e-01
7.714656929778894723e-01
6.245689057765226870e-01
6.777494961269291407e-01
8.274435382720133347e-01
5.395037068562202887e-01
8.285683872520394067e-01
4.412087128975524797e-01
9.749542128094607074e-01
7.733230137580314745e-01
3.745526561084178141e-04
2.758049683989992618e-01
7.288283537601227824e-01
5.007271525753641539e-01
7.069994449953983517e-01
1.396752905682260293e-01
4.115259835756315265e-01
6.285666130350294756e-01
3.760971266872860097e-01
7.040680310231254291e-01
2.489333893257373864e-01
5.204422043516422347e-01
5.583860809546861148e-01
7.509862236312444539e-01
1.496124147804978044e-03
8.828561971430944899e-01
3.113331758828830065e-01
3.806714109962866521e-01
8.160731695365486260e-01
9.006744014473652138e-01
2.258768065294471938e-01
9.847904600065703340e-01
7.067067407401103063e-01
7.182208999454808840e-01
2.474570240084196238e-01
7.200138877806725457e-01
7.683738902553738370e-01
4.112433087786059316e-01
3.352284979278108423e-01
6.139733745591008374e-01
3.010639318333090397e-01
1.385278207462590228e-01
3.658472363865523658e-01
9.060397203421868273e-01
1.318812540056617522e-01
2.631193692044325738e-01
5.826175539521041280e-01
9.748226358924854118e-01
8.870413117466812158e-01
8.793415989270166877e-01
5.512797686871571123e-01
6.167137641650999313e-01
3.894865452859266330e-01
1.752596186002670642e-01
1.509550946591242671e-02
5.401249954452306268e-01
1.232834040626015204e-01
8.536624905135130614e-01
4.185865081214433792e-01
5.655414016259381338e-01
9.972800391809879539e-01
6.433902690871563523e-01
9.493781730951103004e-01
9.834781371666504457e-01
9.260342497801066219e-02
9.783898823412130463e-01
2.837522542854448160e-01
7.822336885161651487e-03
4.639463145067753702e-01
2.947554928116371542e-01
3.815758750968896162e-01
4.749747692662008580e-01
3.560652177759549009e-02
1.532858821487106393e-01
3.493879673209032699e-01
1.488549101440541644e-01
6.490273532550925317e-01
3.350993968994083749e-01
8.569080552182982702e-01
9.008816654988939243e-01
1.202483557139572001e-01
